      0/99     3.68G    0.1028   0.02356         0    0.1263        48       704  0.000139   0.02469 3.905e-06 3.905e-07    0.1277   0.01666         0
      1/99     3.68G   0.09421     0.014         0    0.1082        46       576   0.00287   0.01235 0.0001662 3.552e-05    0.1182   0.01167         0
      2/99     10.2G   0.08885   0.01064         0   0.09949        42       320  0.003094   0.09877 0.0005428 7.377e-05    0.1164  0.009379         0
      3/99     2.05G   0.07874  0.008157         0   0.08689        32       544 0.0006429    0.1358 0.0001229 2.206e-05    0.1122  0.009065         0
      4/99     2.24G   0.07652  0.008016         0   0.08454        54       416  0.001977   0.04938 0.0003208 6.407e-05    0.1056  0.009198         0
      5/99     2.21G   0.07132  0.006993         0   0.07831        31       608   0.01713   0.04938  0.002447 0.0003584    0.1084  0.008664         0
      6/99     7.81G   0.06981  0.006841         0   0.07665        34       704   0.00947   0.06173  0.001867 0.0003537    0.1085  0.008914         0
      7/99     2.22G    0.0731  0.006856         0   0.07996        40       480   0.02231   0.07407  0.008348   0.00157    0.1181   0.00751         0
      8/99     8.09G   0.07212  0.006033         0   0.07815        42       896   0.08465   0.06173   0.02038  0.003892    0.1147  0.007758         0
      9/99     3.73G   0.07569  0.006874         0   0.08257        43       864   0.04236    0.1358   0.02011  0.004435    0.1025  0.008783         0
     10/99     9.78G   0.07021  0.005652         0   0.07586        49       864    0.1063    0.2716   0.07104   0.01252   0.09737   0.00848         0
     11/99     2.51G   0.07364  0.006498         0   0.08014        40       352    0.1396    0.2963   0.07957   0.01656    0.1084  0.007151         0
     12/99      7.9G   0.06988  0.005045         0   0.07493        38       736    0.2887    0.2455    0.1496   0.03088    0.1075   0.00696         0
     13/99     8.92G   0.06627  0.005801         0   0.07207        41       320    0.1959    0.2918    0.1195   0.02273    0.1017  0.007634         0
     14/99     9.53G   0.06654  0.006281         0   0.07282        41       352    0.2377    0.4195    0.1523   0.03013    0.1019  0.007065         0
     15/99     8.35G    0.0704  0.007426         0   0.07783        43       928    0.3021    0.3827    0.2038    0.0592    0.1229  0.006121         0
     16/99     8.36G   0.04817  0.005804         0   0.05397        28       576    0.3315    0.4568    0.3044   0.09016    0.1199  0.006002         0
     17/99     9.37G   0.06567  0.005135         0   0.07081        40       704    0.2132    0.3333    0.1536   0.03319    0.1187  0.005418         0
     18/99     9.37G   0.06693  0.005345         0   0.07227        35       736    0.3998    0.3827    0.3192   0.09982    0.1268  0.005429         0
     19/99     9.37G   0.06545  0.006926         0   0.07238        31       736    0.2676    0.3704    0.2328   0.05123    0.1228   0.00563         0
     20/99     9.37G   0.07144  0.003979         0   0.07542        40       704    0.2004    0.3086    0.1258   0.02743    0.1206  0.006217         0
     21/99     9.37G   0.07239  0.005576         0   0.07797        39       608   0.07516    0.1235   0.02144  0.004571    0.1203  0.006753         0
     22/99     9.37G   0.05715  0.006988         0   0.06414        48       320    0.2111    0.2346    0.1311   0.02919    0.1109  0.006563         0
     23/99     9.37G   0.05911  0.005733         0   0.06485        39       352     0.475    0.2716     0.248   0.05569      0.11  0.006553         0
     24/99     8.07G   0.06073  0.004991         0   0.06572        45       800    0.4275    0.3457    0.1928   0.04444    0.1141  0.006402         0
     25/99     8.89G    0.0755  0.005086         0   0.08058        46       608  0.000358   0.01235 5.792e-06 5.792e-07    0.1224  0.009576         0
     26/99     8.89G   0.07101  0.006106         0   0.07712        43       576  0.001709   0.01235 0.0001239 2.723e-05    0.1182   0.00782         0
     27/99     8.89G   0.07028  0.005531         0   0.07581        42       352    0.1992   0.03704   0.02201   0.00848    0.1247  0.005659         0
     28/99     8.19G   0.07321  0.005388         0   0.07859        31       832    0.2268    0.1852   0.07427   0.01288    0.1212  0.005532         0
     29/99      8.4G   0.06398  0.005255         0   0.06923        38       448    0.6706     0.284     0.307    0.1087    0.1146  0.005354         0
     30/99     8.42G   0.06128  0.006411         0   0.06769        35       448    0.5065    0.3704    0.3483    0.1349    0.1082  0.005383         0
     31/99     8.88G   0.06874  0.004902         0   0.07364        37       896    0.4747    0.4685    0.3345   0.08419    0.1153  0.004745         0
     32/99     8.88G    0.0593  0.006257         0   0.06555        40       416    0.6604    0.5556    0.5503    0.2049    0.1031  0.005922         0
     33/99     2.25G   0.06262  0.008425         0   0.07105        39       512    0.5452     0.444    0.4434     0.133   0.09471  0.007381         0
     34/99     9.66G   0.05577  0.006828         0    0.0626        36       416    0.3967    0.3704    0.3114    0.1105   0.09854  0.007486         0
     35/99     9.66G   0.05954  0.005435         0   0.06497        31       512    0.3229    0.3951     0.205   0.06062    0.1068   0.01227         0
     36/99     11.7G   0.05598  0.007922         0    0.0639        54       704    0.6078    0.4815    0.4963    0.1699   0.09493  0.007491         0
     37/99     11.7G   0.06345  0.007236         0   0.07068        37       512    0.5614    0.5056    0.4656    0.1293   0.09139  0.007184         0
     38/99     11.7G   0.06182  0.005044         0   0.06686        36       512    0.4925    0.4198    0.3537     0.145   0.09461  0.008552         0
     39/99     8.56G   0.05085    0.0064         0   0.05725        45       960    0.6967    0.5673    0.5602    0.1935   0.09632  0.006535         0
     40/99     8.58G   0.05908  0.005831         0   0.06491        37       608    0.5038    0.5062    0.4495    0.1212    0.0971  0.006273         0
     41/99     8.82G   0.06358  0.006161         0   0.06974        47       544    0.5789    0.5432    0.4825    0.1684   0.09184  0.006577         0
     42/99     8.82G   0.06153  0.009794         0   0.07132        40       960    0.6826    0.5062    0.5175    0.1828   0.09589  0.006932         0
     43/99     2.31G   0.05397   0.00753         0    0.0615        33       384    0.5055    0.4938     0.463    0.1682    0.1116  0.005402         0
     44/99     8.46G   0.05387  0.006532         0    0.0604        37       928     0.537     0.358    0.3338   0.09893    0.1138   0.00701         0
     45/99     10.3G   0.04739  0.006525         0   0.05391        43       512    0.6287    0.4815    0.4655    0.1509    0.1131  0.005077         0
     46/99     7.95G   0.05358  0.007027         0   0.06061        42       768    0.5929    0.6296     0.583    0.2379   0.09879  0.006145         0
     47/99     7.88G   0.07061  0.005287         0    0.0759        35       640    0.2428    0.4074    0.2091   0.05791    0.1064  0.006869         0
     48/99     7.98G   0.06998  0.007652         0   0.07763        35       672    0.4633    0.4074    0.3509    0.1026    0.1124  0.005297         0
     49/99     8.21G   0.05744  0.004834         0   0.06228        45       704   0.01859   0.01235  0.002314 0.0005225    0.1134   0.09471         0
     50/99     8.89G   0.06239  0.006354         0   0.06874        32       832    0.2044    0.2099    0.1026   0.05158    0.1073   0.03051         0
     51/99     9.52G    0.0658  0.004414         0   0.07021        40       736    0.7293    0.2716    0.3085    0.0841    0.1114   0.01312         0
     52/99     9.53G   0.05937  0.005781         0   0.06515        28       832    0.6583    0.6661    0.6657    0.2969    0.1018   0.00645         0
     53/99     9.53G   0.06069  0.004404         0   0.06509        34       672     0.784    0.5432    0.6223    0.1718    0.1021  0.005506         0
     54/99     9.53G   0.05505  0.005886         0   0.06094        40       480    0.7954    0.5926    0.6925    0.3311   0.09679  0.005719         0
     55/99     9.53G   0.05898  0.005916         0    0.0649        40       672    0.7342    0.6173    0.6557    0.2648   0.09523  0.006155         0
     56/99     9.53G   0.04714  0.006785         0   0.05393        36       416    0.4651    0.3827     0.318   0.05848    0.1033  0.005919         0
     57/99     9.53G   0.05706  0.006114         0   0.06317        35       704    0.6557    0.5173    0.5132    0.1724    0.1002  0.006129         0
     58/99     9.53G   0.04854  0.006199         0   0.05474        43       928    0.7718    0.5427    0.6101    0.2071    0.1005  0.005861         0
     59/99     9.53G    0.0516  0.007001         0    0.0586        41       512    0.8124    0.4815    0.5874    0.2487       0.1  0.006066         0
     60/99     9.53G    0.0493    0.0069         0    0.0562        37       512    0.5915    0.4321     0.441    0.1944    0.1036  0.005654         0
     61/99     9.53G   0.04099  0.005976         0   0.04696        44       768    0.6381     0.479    0.5062     0.245   0.09821  0.005648         0
     62/99     9.53G   0.05407  0.005238         0   0.05931        35       512    0.6354    0.6024    0.6286    0.2914   0.09635  0.005575         0
     63/99     9.53G   0.04689   0.00876         0   0.05565        44       448    0.8526    0.5062    0.6504    0.3095   0.09096  0.006188         0
     64/99     9.53G   0.05244  0.005175         0   0.05762        47       640    0.7113    0.6389    0.6955    0.3412   0.09176  0.005982         0
     65/99     9.53G   0.04834   0.00558         0   0.05392        31       896    0.7072     0.716    0.7271    0.3255   0.09446  0.005542         0
     66/99     9.53G   0.04747  0.006433         0   0.05391        47       960    0.7859    0.7284    0.7729    0.3878   0.09328  0.005513         0
     67/99     9.53G    0.0482  0.004478         0   0.05268        40       768    0.7889    0.7901    0.7966    0.3934   0.09207  0.005576         0
     68/99     9.53G   0.04272   0.00642         0   0.04914        50       704    0.8963    0.7778    0.8222    0.3846   0.09094  0.005703         0
     69/99     9.53G   0.04927  0.004362         0   0.05363        42       960    0.7645    0.8016    0.7994    0.4307   0.08818   0.00586         0
     70/99     9.53G   0.03911  0.006392         0   0.04551        47       928    0.9047    0.7035     0.798    0.4307   0.08671  0.006052         0
     71/99     9.53G   0.04765  0.006534         0   0.05418        30       800    0.8341    0.7531     0.797     0.421   0.08759  0.005926         0
     72/99     9.53G    0.0426  0.006153         0   0.04875        32       384     0.833    0.7407    0.7904    0.4314   0.08702  0.005944         0
     73/99     9.53G   0.03878  0.008376         0   0.04716        42       960     0.826    0.7037    0.7691    0.3794   0.08893  0.005612         0
     74/99     9.53G   0.04083  0.006058         0   0.04689        40       384     0.816     0.716    0.7867    0.4042   0.08764  0.005615         0
     75/99     9.53G   0.04249  0.005647         0   0.04814        30       960    0.7528    0.7521    0.7795    0.4027   0.08741  0.005699         0
     76/99     9.53G   0.04321  0.004332         0   0.04755        36       800    0.7966    0.7407    0.8099    0.4303   0.08522  0.005873         0
     77/99     9.53G   0.04344  0.005765         0   0.04921        43       704    0.7953    0.7284    0.8181    0.4595   0.08527  0.005847         0
     78/99     9.53G   0.04185  0.006155         0   0.04801        43       768    0.7296    0.8025    0.8147    0.4768   0.08298  0.006017         0
     79/99     9.53G   0.04542  0.006011         0   0.05143        32       768    0.7471    0.8023    0.8212    0.4632   0.08495  0.005863         0
     80/99     9.53G   0.03806  0.007594         0   0.04565        38       544    0.7871     0.776    0.8328    0.4984   0.08137  0.006176         0
     81/99     9.53G   0.04383  0.008784         0   0.05262        33       512    0.8356    0.7529    0.8349    0.5019   0.08063  0.006192         0
     82/99     9.53G   0.04293  0.005973         0   0.04891        34       480    0.8017    0.7654    0.8338     0.476   0.07999  0.006315         0
     83/99     9.53G   0.04617  0.006058         0   0.05223        44       544    0.7495    0.7778    0.8229    0.4883   0.07773  0.006523         0
     84/99     9.53G   0.04278  0.004483         0   0.04726        31       800    0.8243    0.7528    0.8274    0.4823   0.07506  0.006879         0
     85/99     9.53G    0.0382   0.01049         0    0.0487        37       704    0.7947    0.7647    0.8313    0.4741   0.07339  0.007181         0
     86/99     9.53G    0.0466  0.008469         0   0.05507        36       704    0.7913    0.7531    0.8254    0.4641   0.07531  0.006833         0
     87/99     9.53G   0.04552  0.006735         0   0.05226        46       960    0.7916    0.7034    0.8007    0.4454   0.07607  0.006743         0
     88/99     9.53G   0.04295   0.01013         0   0.05308        32       416    0.7142    0.7403    0.7869    0.4428   0.07512  0.006808         0
     89/99     9.53G   0.04131  0.007993         0    0.0493        37       768    0.8498    0.6296    0.7868    0.4376   0.07392  0.006952         0
     90/99     9.53G   0.04548  0.005545         0   0.05102        39       352    0.9238    0.6049    0.7846    0.4564   0.07262  0.007053         0
     91/99     9.53G   0.04378  0.005383         0   0.04916        36       352    0.7971    0.7284    0.8042    0.4787   0.07107  0.007161         0
     92/99     9.53G   0.04243  0.005872         0    0.0483        35       928    0.8551    0.7283    0.8217     0.484   0.06984  0.007246         0
     93/99     9.53G   0.04313   0.01054         0   0.05366        43       352    0.8354    0.7531    0.8306    0.4932   0.06887  0.007352         0
     94/99     9.53G   0.04385  0.007884         0   0.05174        41       448    0.8472    0.7531    0.8371    0.4954   0.06825  0.007398         0
     95/99     9.53G   0.04804  0.008494         0   0.05653        40       384    0.8471    0.7531    0.8383    0.5095   0.06716  0.007481         0
     96/99     9.53G   0.04315   0.00836         0   0.05151        35       448    0.8353    0.7531    0.8336    0.4941   0.06663  0.007566         0
     97/99     9.53G   0.04045  0.006536         0   0.04699        32       512    0.8422    0.7284    0.8249    0.4914    0.0661  0.007647         0
     98/99     9.53G   0.04021   0.00574         0   0.04595        34       768    0.8529    0.7157    0.8178     0.486   0.06532  0.007767         0
     99/99     9.53G   0.04162  0.006476         0    0.0481        45       672    0.8518     0.716    0.8179    0.4867   0.06433  0.007878         0
